16426
19296
45026
20150
37720
16182
40278
30006
7191
29961
11310
10872
10821
28322
14378
3830
9255
22058
43003
39275
56118
41056
7759
56153
54684
18506
18092
43901
32493
3722
44636
50797
21740
62318
39841
48364
26861
27182
39394
14087
33257
10794
59154
2311
61255
45058
47393
21968
42518
24829
34995
59326
39771
18216
31700
36779
54065
47209
28571
42948
16209
9837
27980
24440
3357
19842
63054
44372
17657
64757
7492
17730
51120
35028
59611
48062
35919
25434
49672
45876
5658
28648
27247
5723
6376
60038
5098
41752
9949
37322
3797
29593
40678
30197
13609
30993
19611
835
50110
37668
47447
44811
62642
53988
57636
969
5319
42610
13576
34746
23914
58635
50573
20542
60571
41265
25656
45735
20193
4425
8000
56577
13484
62812
57525
44912
53159
29854
14142
44298
40021
13552
31563
35309
58526
17591
3613
49122
24431
37262
22672
45924
64513
63297
19558
40152
7065
14474
25723
27935
26106
22461
46170
54711
41683
6180
22343
5094
59393
58046
8022
63440
16661
45290
32661
15406
13155
63404
24145
50750
6673
13461
26321
63254
60067
46192
2603
17551
6989
22993
11850
51331
60563
39087
28100
3407
32297
64191
13439
52965
53088
24682
14626
44072
64677
51749
11151
23942
53484
57405
39437
14200
43744
10658
19166
53860
1319
3964
44018
12713
56995
29011
44871
49395
13903
55028
60909
52901
44417
51127
20085
41814
48710
44315
37706
5671
20828
65241
6984
9189
39776
33492
4076
65491
12869
51694
6732
47363
9811
1589
14166
37451
27678
1279
11953
48561
6722
51938
41550
17078
25969
46674
22864
26961
4856
31204
54364
20065
29771
59296
64665
2434
16586
50474
51094
35956
40239
29517
31113
43296
54469
31999
6771
16878
12130
26668
8965
57267
37659
53292
6312
54871
24852
46227
5664
56555
3303
29083
15682
58319
5447
24508
65347
58356
15813
6310
39285
397
42077
46770
13628
21166
44253
37738
49376
54224
55223
30808
56463
304
48204
27849
31039
24805
18396
14912
63158
15884
34075
63994
28862
26318
62451
63064
23051
60475
31014
32199
43890
29075
14499
61364
37017
20412
1957
61919
11689
48737
17309
58092
34063
58937
44085
61652
42512
35832
49239
50399
46720
16701
9116
11709
32740
21764
49611
10442
25805
14297
64676
57470
53936
38254
56380
50443
51391
60868
24254
36920
6730
10175
63821
29692
62535
7749
43854
44910
32528
64534
45049
31932
26724
53629
37342
36807
48020
58973
53546
58837
51099
8929
19076
19858
23105
34221
26890
4629
19728
2047
60745
30058
6822
54046
44106
60937
55712
5831
18516
20640
52065
47715
10218
33511
31128
8978
10792
63302
51956
15093
4442
55786
16089
11018
53313
33031
44776
62646
50155
47449
11403
29363
3536
61475
17922
44864
20453
60102
47805
57022
51565
48189
18319
24403
32460
26685
10620
38747
41987
13520
34538
27151
55194
1132
29776
48064
63033
19832
28617
27128
64762
57349
14376
30604
54576
51307
58627
34277
14029
17621
18198
6984
31319
7620
22730
32349
6024
19807
63092
61858
15772
61577
6805
61957
62760
5616
27983
27446
19539
23681
25644
65055
23773
4723
23088
58088
27269
59977
42146
19518
49044
35471
32917
44337
22414
33092
58655
53934
21779
11201
32707
23790
57911
16708
59592
2363
39502
6016
3521
10362
21421
51227
54835
6212
57102
53676
41623
8747
39955
2404
52779
37980
3643
63937
14638
34700
38524
35128
53426
44248
15168
51105
23654
49878
52626
31907
46724
20493
34407
56030
12360
55939
25924
3327
53907
44064
39208
2534
34903
62225
12591
48548
1076
40870
21181
33905
25975
14141
35483
48498
40953
8584
15490
51982
26348
62287
11346
49211
39539
25546
1263
46020
54103
61512
13726
54796
52559
31038
36651
61963
57290
9217
31016
39123
1173
37451
7319
24221
50247
39824
26534
62197
48884
31027
46267
35307
65103
7557
14703
46008
12638
53914
14215
64038
56141
25039
30066
8356
11125
52012
29901
54325
1538
58717
38710
46404
61291
18350
15187
38145
23371
20424
24767
19675
60777
24781
37124
61165
48081
6566
22680
1017
38830
61562
11525
54647
59788
41535
3929
14865
12755
15024
56253
16183
49447
11221
2911
15728
37637
18400
44051
11478
18594
17845
42140
22071
20511
23416
42103
4515
7636
952
44452
5945
42973
3371
17785
53479
51352
754
33390
5606
55475
61428
20210
8474
21964
41913
63586
27801
15594
24076
5144
19604
27001
4418
46763
46324
42771
62775
10747
62833
42933
42858
45303
31276
65016
35616
25402
47272
60715
1928
55809
32098
1175
58815
56053
19103
20814
46413
42659
34925
36812
20461
18513
60856
21920
25864
42310
62907
10424
13982
62219
61847
63142
15591
16623
34338
16406
22389
26861
16430
35925
11002
49724
38862
41969
44451
33574
56260
35114
6677
50195
21416
56962
13885
25054
38782
12331
16353
40146
61650
33326
55689
50050
16944
19334
63141
45130
49195
11216
17120
33939
61811
50834
38312
14798
19431
12764
13614
9228
6469
53081
33584
57627
31158
35848
63016
57250
41645
52485
19323
22514
18433
31868
48840
23141
16952
2495
57403
20885
28982
59582
48034
51089
58680
26595
17519
24724
64055
7640
3104
17053
11034
56234
53408
43653
29524
61552
23488
21702
34384
43918
60390
60586
32113
50888
9429
42922
52872
43802
36400
65429
63288
8175
26744
35768
50244
48365
8377
58182
4221
39045
43930
18565
17409
59931
22949
24680
25650
17125
21867
9287
44414
17973
32810
30351
9101
26008
8068
44808
20959
43168
7886
8875
20294
22629
9359
9555
37293
64783
35217
33824
62990
17753
15953
44404
45559
36403
50697
2577
29080
2205
53337
51583
22040
14095
21463
7660
42474
18180
53432
38842
63965
55408
3061
45896
22720
6285
56437
25134
48659
51581
52656
16520
53555
20830
27071
36199
22467
15198
63604
59113
4610
35036
46581
11695
63633
45428
49561
64496
11043
31732
57871
26960
38154
49304
19945
47439
20843
19643
52237
21921
998
16729
5783
37822
42385
28392
38998
11248
3951
582
35262
40040
54730
50659
35410
35465
47270
53402
1733
23509
4028
38489
49052
62835
39384
24305
20267
51328
2713
29344
40316
61851
36007
10960
17561
22146
19335
13908
17586
58497
30161
809
21828
41206
10434
31475
11175
22969
24363
15147
18419
55564
31241
44136
5009
28338
54944
58874
12614
63976
22344
2505
59682
60584
57130
45362
15346
48063
49298
